Sophie No. and year

yrborn 1956
132 133

yrborn 1966
89 115

yrborn 1967
24

yrborn 1968
2 92

yrborn 1969
151

yrborn 1970
10

yrborn 1971
1

yrborn 1972
9 

yrborn 1975
16 17 22 93

yrborn 1976
23 114

yrborn 1977
13 94 109

yrborn 1978
21 91

yrborn 1979
7 253

yrborn 1980
12 14 15 20 98

yrborn 1981
3 8 102 103 129

yrborn 1982
96 154

yrborn 1983
107 108 111

yrborn 1984
95 97 99 101 104 112 152 251 252

yrborn 1985
100 106 110 156 250

yrborn 1986
144 145 244

yrborn 1987
141 142 153 245 246 247 254

yrborn 1988
249

yrborn 1990 
116 117 118 119 120 121 122 123 124 125 
126 127 128 148 149 155 184 185 186 187 
189 190

yrborn 1991
25  26  27  28  29  30  31  32  33  34 
35  36  37  38  39  40  41  42  43  131 
134 135 136 137 140 157 158 159 196 197 
198 199

yrborn 1992
44  45  46  47  48  49  50 51 52 53 
138 139 200 201 202 237

yrborn 1993
54 55 56  57  58  59  60  61  62  63 
64 65 160 161 162 203 204 257 258

yrborn 1994
66  67  68 69 70 71 72  73  74  75 
76  77  78 79 80 81 163 205 206 207 
208 209

yrborn 1997
82 164 165 166 210 211 212 213 214

yrborn 1998
83 167 168 169 170 173 215 216

yrborn 1999
84 85 86 87 88 217 218 219

yrborn 2000
220 221 222 260

yrborn unknown
4   5   6   11  18  19  105 113 130 143 
146 147 90  150 171 172 174 175 176 177 
178 179 180 181 182 183 188 191 192 193 
194 195 223 224 225 226 227 228 229 230 
231 232 233 234 235 236 238 239 240 241 
242 243 248 255 256 259 261 262 263